-12 -8 -4 -10
13 9 4 -3 8
-2 -3 1 13 2 7
-34 -15 -19 -12 14 -8 -7
-23 -13 5 -10 2 6 -21 2
-7 -18 11 -25 -4 -6 8 -8 5
17 3 14 -33 45 -23 -19 -33 43 -25
-44 -26 -18 42 -25 -47 55 -17 -52 -17 -31
-60 -20 -40 -74 -26 10 37 -57 -16 -1 -71 40
20 46 -26 -63 33 20 41 -80 20 6 82 -41 2
132 69 63 10 67 -106 71 13 12 -26 -54 3 -14 -95
32 72 -40 43 28 1 -130 5 8 -128 39 -53 19 80 -69
-60 -46 -14 -111 -32 124 86 151 -109 65 67 138 63 45 -147 26
105 -66 171 93 -14 104 74 7 -113 107 -14 116 172 -86 131 -166 -62
